./Positiv/20220104_163403.jpg 1 1707 546 612 1188
./Positiv/20220104_163405.jpg 1 1392 555 576 1197
./Positiv/20220104_163409.jpg 1 2004 456 633 1257
./Positiv/20220104_163415.jpg 1 1722 549 771 1611
./Positiv/20220104_163418.jpg 1 1908 624 642 1329
./Positiv/20220104_163419.jpg 1 1692 447 591 1269
./Positiv/20220104_163420.jpg 1 1785 240 645 1383
./Positiv/20220104_163422.jpg 1 2361 87 717 1485
./Positiv/20220104_163423.jpg 1 2949 66 792 1515
./Positiv/20220104_163425.jpg 1 474 213 981 1818
./Positiv/20220107_095411.jpg 1 1716 741 642 1299
./Positiv/20220107_095416.jpg 1 1851 948 603 1206
./Positiv/20220107_095421.jpg 1 1755 780 312 564
./Positiv/20220107_095429.jpg 1 1608 1062 204 366
./Positiv/20220107_095442.jpg 1 1707 1035 240 378
./Positiv/20220107_095447.jpg 1 2004 885 207 390
./Positiv/20220107_095454.jpg 1 1956 780 309 663
./Positiv/20220107_095502.jpg 1 2280 882 429 783
./Positiv/20220107_095510.jpg 1 1647 1020 441 744
./Positiv/20220107_095517.jpg 1 2016 942 282 579
./Positiv/20220107_095536.jpg 1 1647 1260 396 696
./Positiv/20220107_095542.jpg 1 1761 726 207 375
./Positiv/20220107_095555.jpg 1 2268 948 312 516
./Positiv/20220107_095609.jpg 1 2076 981 249 507
./Positiv/20220107_095614.jpg 1 1815 912 252 432
./Positiv/20220107_095631.jpg 1 1521 867 342 588
./Positiv/20220107_095637.jpg 1 1905 774 375 645
./Positiv/20220107_095642.jpg 1 2232 522 324 552
./Positiv/IMG_3535.JPG 1 1614 468 930 1791
./Positiv/IMG_3536.JPG 1 1575 30 939 1929
./Positiv/IMG_3537.JPG 1 1200 72 840 1884
./Positiv/IMG_3538.JPG 1 1503 189 840 1779
./Positiv/IMG_3539.JPG 1 996 588 900 2091
./Positiv/IMG_3540.JPG 1 1620 618 846 1860
./Positiv/IMG_3541.JPG 1 1812 477 882 1917
./Positiv/IMG_3542.JPG 1 1929 39 1167 2235
./Positiv/IMG_3543.JPG 1 1557 285 1014 2145
./Positiv/IMG_3544.JPG 1 1236 357 900 1944
./Positiv/IMG_3545.JPG 1 1512 381 957 2205
./Positiv/IMG_3546.JPG 1 2307 225 693 1590
./Positiv/IMG_3547.JPG 1 2379 171 795 1662
./Positiv/IMG_3548.JPG 1 579 759 1017 2247
./Positiv/IMG_3549.JPG 1 1608 534 699 1635
./Positiv/IMG_3550.JPG 1 1758 387 645 1251
./Positiv/IMG_3551.JPG 1 1605 351 801 1608
./Positiv/IMG_3552.JPG 1 1905 633 744 1548
./Positiv/IMG_3553.JPG 1 1482 612 738 1518
./Positiv/IMG_3554.JPG 1 1806 498 705 1590
./Positiv/IMG_3555.JPG 1 2034 453 753 1707
./Positiv/IMG_3556.JPG 1 1044 1101 780 1689
./Positiv/IMG_3557.JPG 1 1644 693 768 1728
./Positiv/IMG_3558.JPG 1 1968 495 849 1845
./Positiv/IMG_3559.JPG 1 1830 666 921 2073
./Positiv/IMG_3560.JPG 1 1920 303 930 1962
./Positiv/IMG_3561.JPG 1 1704 531 798 1758
./Positiv/IMG_3562.JPG 1 2271 849 570 1395
